[96, 219, 150, 0],
[174, 181, 42, 0],
[241, 199, 9, 0],
[136, 234, 192, 0],
[225, 200, 90, 0],
[155, 83, 20, 1],
[96, 200, 39, 0],
[43, 33, 186, 1],
[104, 101, 20, 1],
[146, 93, 207, 0],
[73, 88, 165, 1],
[187, 12, 117, 0],
[103, 100, 51, 1],
[218, 23, 108, 0],
[25, 171, 71, 0],
[79, 50, 8, 1],
[32, 248, 104, 0],
[242, 192, 72, 0],
[122, 32, 25, 1],
[38, 149, 237, 0],
[101, 15, 114, 1],
[106, 117, 171, 0],
[14, 65, 76, 1],
[126, 52, 239, 1],
[68, 52, 168, 1],
[50, 186, 109, 0],
[196, 191, 245, 0],
[149, 219, 123, 0],
[197, 52, 95, 0],
[192, 240, 74, 0],
[38, 141, 80, 0],
[205, 125, 99, 0],
[212, 81, 121, 0],
[240, 201, 22, 0],
[5, 159, 85, 0],
[24, 70, 88, 1],
[197, 212, 40, 0],
[163, 16, 226, 0],
[42, 71, 232, 1],
[204, 5, 62, 0],
[85, 255, 157, 0],
[116, 143, 103, 0],
[14, 133, 105, 0],
[213, 53, 247, 0],
[65, 8, 147, 1],
[132, 207, 181, 0],
[109, 52, 106, 1],
[153, 141, 180, 0],
[16, 66, 173, 1],
[215, 155, 107, 0],
[237, 231, 161, 0],
[53, 163, 190, 0],
[111, 250, 87, 0],
[218, 236, 23, 0],
[131, 148, 55, 1],
[235, 255, 246, 0],
[244, 167, 253, 0],
[239, 185, 250, 0],
[254, 18, 157, 0],
[140, 251, 84, 0],
[197, 115, 248, 0],
[215, 149, 17, 0],
[58, 11, 158, 1],
[77, 98, 49, 0],
[161, 163, 15, 0],
[213, 61, 214, 0],
[11, 179, 81, 0],
[0, 75, 185, 0],
[220, 135, 221, 0],
[29, 69, 12, 1],
[79, 189, 136, 0],
[110, 210, 68, 0],
[175, 130, 231, 0],
[39, 80, 91, 1],
[86, 115, 64, 0],
[223, 69, 10, 0],
[49, 233, 33, 0],
[253, 119, 22, 0],
[3, 68, 2, 1],
[51, 139, 33, 0],
[31, 249, 116, 0],
[181, 149, 38, 0],
[46, 139, 221, 0],
[109, 252, 119, 0],
[161, 12, 49, 0],
[200, 232, 238, 0],
[111, 18, 69, 1],
[35, 105, 163, 0],
[72, 41, 131, 1],
[64, 199, 209, 0],
[209, 11, 158, 0],
[231, 175, 115, 0],
[141, 85, 93, 0],
[92, 6, 236, 1],
[146, 163, 149, 0],
[149, 113, 10, 0],
[130, 209, 18, 0],
[14, 87, 0, 1],
[124, 128, 99, 0],
[101, 7, 86, 1],
[124, 117, 113, 0],
[191, 51, 182, 0],
[52, 79, 231, 1],
[83, 180, 164, 0],
[250, 50, 154, 0],
[4, 79, 253, 0],
[53, 9, 44, 1],
[56, 20, 237, 1],
[16, 100, 34, 1],
[231, 48, 188, 0],
[77, 40, 229, 1],
[72, 118, 114, 0],
[26, 109, 160, 0],
[123, 242, 86, 0],
[75, 164, 56, 0],
[120, 158, 79, 0],
[242, 86, 91, 0],
[39, 28, 156, 1],
[43, 96, 89, 0],
[68, 172, 133, 0],
[5, 22, 11, 1],
[202, 221, 56, 0],
[181, 153, 238, 0],
[161, 240, 77, 0],
[84, 179, 142, 0],
[183, 19, 150, 0],
[166, 9, 175, 0],
[19, 3, 187, 1],
[126, 253, 7, 0],
[175, 148, 168, 0],
[99, 47, 234, 1],
[92, 221, 70, 0],
[110, 28, 3, 1],
[233, 122, 194, 0],
[139, 184, 165, 0],
[174, 40, 73, 0],
[183, 161, 183, 0],
[46, 124, 12, 0],
[21, 205, 211, 0],
[238, 202, 236, 0],
[40, 100, 136, 1],
[35, 121, 226, 0],
[9, 156, 205, 0],
[183, 160, 236, 0],
[66, 237, 193, 0],
[95, 136, 81, 0],
[188, 132, 131, 0],
[53, 137, 173, 0],
[2, 175, 56, 0],
[158, 75, 72, 0],
[61, 6, 217, 1],
[44, 105, 58, 0],
[94, 158, 175, 0],
[191, 207, 51, 0],
[86, 160, 79, 0],
[183, 93, 201, 0],
[222, 203, 247, 0],
[42, 74, 200, 1],
[208, 15, 45, 0],
[209, 184, 131, 0],
[159, 37, 86, 0],
[63, 104, 98, 1],
[20, 143, 238, 0],
[193, 222, 27, 0],
[62, 113, 211, 0],
